2000
2010
2011
399
2016
44
2029
2046
2057
2065
2066
104
71
225
2803
2083
2086
13
2097
2099
2110
2115
232
2127
236
2130
325
2142
171
2154
172
156
2239
2934
2463
159
2166
2168
48
2169
2172
305
2174
2181
2182
2184
2193
2197
2198
331
2210
339
2217
161
50
526
2230
2870
231
2241
2244
45
46
2250
2755
2253
2739
2261
42
108
2272
2275
107
2277
47
304
2287
2916
282
314
85
2296
294
55
256
338
2325
322
2320
2329
2335
288
2031
2341
299
2344
2352
2351
2350
311
2363
2368
269
2379
2377
2382
270
2400
2623
2405
149
147
2413
2415
116
93
160
2443
315
2447
2885
2450
2448
2428
155
2449
2454
111
2464
2458
2460
94
2466
2473
2437
198
279
219
2492
2501
2502
2504
2506
163
2507
2514
2515
227
257
2520
2523
16
2529
2603
139
2608
2612
2534
2535
301
2539
2541
2542
2545
2547
2550
2561
2565
2569
2908
233
2571
2546
2582
79
253
179
2597
2598
2599
2617
56
2619
2630
2634
2635
357
2640
2643
119
302
300
27
2540
82
2349
2378
140
2427
2430
350
250
292
3084
2674
2670
261
222
2678
2681
2692
2717
2710
2724
2729
2737
2747
2750
2752
43
2754
